123456
123456789
!
12345678
Berlitz
7d5y2ehb
1234567
111111
omics123
1234
*NO-PASSWORD*
amcham
nile
P
password
000000
444444
12345
ah1230
654321
adrian2
11111
aegean
666666
p
612765
639739
1111111
123456h
115262
4374475
123123
ali123
ahmedy
981843
badawy
sekoseko
9843833612
samsouma
123654789
P@ssw0rd
moemido93
M
zamalek
Yusufamin2009
hussein
972459
717774
321978
ali123*
J
426918
334923
982918
784841
427866
447131
16320051632005
131617
176762
DEUTSCHLAND
831327
hazem
346876
926796
iloveyou
ies2000
485475
384429
558259
868542
691841
279953
p@ssw0rd
644945
mazeno
hassan82
295581
386668
655755
565816
fastalex45
693351
844179
123456123456
938833
693791
854495
692894
634737
991875
286557
773358
khaled
191187
nicedream
badrg47
592768
951154
a
278152
916153
129399
372527
533545
malika
635321
55555
886297
954265
183598
586675
0123691420
012012
962985
812133
424249
872521
william
468192
ibra1978
985594
abc123
7721715518
hagar2005
echo
614587
916266
00000000
518658
715828
malak247
741138
imhbl4
969927
478452
0123
414438
778617
497585
nagahs
137348
91
549866
178184
733374
156915
652247
calculator
abcdef
526638
416722
012710112
735483
528529
simsim
157324
166229
911168
5911016
821634
622786
711261
174495
773441
233769
482841
987654
652694
421259
759788
293465
toto110
171327
aaa
551999
622479
nile@123
22735584
opamp
794272
729995
ahafiez
782618
893337
681621
884552
383599
558557
217945
535839
465222
572189
832238
914248
142714
roa2004
468458
227428
255525
qwertyui
meshmesh
273376
573585
251219
471115
110599dd
122837
112438
133313
asdfgh
494899
912612
916343
265716
MISR777
266511
417396
529897
225257
716939
toto34
962292
624138
618368
saraesam
779834
915131
146864
123456789nabil
526479
9669198
277343
kingofslang
auralog
478152
nokia6111
256276
619886
772454
257962
589666
569444
614722
221719
ibrahimh22
964471
222313
615473
385495
816995
688559
898834
waleed
166395
HOLA
295968
876252
6404984
samantha
ahmed2010
723648
643162
flowers
777523
duomham
211974
546785
theking
693955
286214
757573
ashrafmorsy
791161
993756
194572
989916
877961
go4jobs
187598
EYEeye1976
338297
235215
167399
277935
476973
omicsjeat
996592
amirmorcos12
266761
137435
comando1
667476
579892
368254
312937
khlooelsaghe
974395
412414
993285
978671
996633
944213
942526
128996
qaywsx
241688
748182
machala1981
844254
213336
682461
656111
918224
697543
522538
nada25ABC
231229
264785
Tnk0Mk16VX
895276
highline2014
455113
snuggles
572246
187177
549653
486552
374637
463357
Ibrahim
monamona
615893
0161975
113862
ngzm4020
xxxxxx
868725
commerce
262232
152612
969763
513562
sunshine
625839
688272
mezoali95_
341452
372635
kareem
popololo
282748
336696
948593
881313
425791
747459
381345
489282
pfiyfh4b
983457
1234567890
114617
335577
829996
228425
689744
m4a1b2m8
569326
753314
157227
896933
514115
491781
welcome
767451
821257
633398
farrah
353941
438442
641569
bhitbhit
0111795120
296853
227228
ehab2001
123321
864329
353736
1234567891
396478
692417
117814
Mantrac1
692498
197555
578428
489935
131718
omarali
248959
c3VhXDxI7hNMg
618652
245626
334513
pinkfloyed
299467
725622
963843
867624
797624
921127
5218462389
568619
371449
977744
265669
618439
624272
649176
582777
