2005
1987
2000
2004
1985
1984
2003
1986
1980
2002
1982
1979
1988
1989
1983
1981
1977
1978
1976
1990
1975
1991
2006
1974
1973
1992
2001
1993
2007
1972
1995
1994
1969
1999
2008
1971
1970
1996
2015
1966
2010
2020
1968
1997
1998
1967
2009
1965
1964
2011
1963
2012
1962
1960
1961
1959
2014
1907
1958
1957
1956
2016
1955
1919
1905
2013
1954
1903
1953
1950
1945
1952
1951
1947
1948
1949
1911
2017
1912
1946
1908
1914
1942
1904
1928
1910
1906
1909
1944
1941
1902
1943
1900
1901
1920
1937
1940
1925
1923
1939
1922
2021
1936
1938
1917
1921
1927
1933
1926
1929
1924
2022
1932
1930
1935
1934
1913
1918
1916
1931
2018
2019
1915
