1111
1212
2005
1010
2004
2003
2002
2006
2001
1004
2007
2112
2008
2010
1001
2009
2011
2012
1112
1907
0909
1210
1012
0101
1211
1011
1002
1905
2211
1209
1203
1204
1205
1102
1005
1007
1208
1101
1103
1104
1903
1003
1201
1105
1202
1701
1207
1206
1412
1107
0505
0202
2212
1008
0808
1108
1109
1106
1312
3101
1009
1006
1812
1402
2210
2510
2511
1411
0303
2311
1110
2312
2512
1911
0404
0707
2202
1410
2501
2104
3003
2412
3112
2310
0911
1912
0102
2505
1311
1305
1308
2110
1512
2508
1908
2304
2410
1310
2204
2111
2205
2305
2504
1404
1904
1307
3006
1407
1405
3110
2201
1301
2303
0110
2107
1505
0204
1304
1408
1511
1504
0311
1302
2411
2404
2103
2208
2207
1910
2101
2405
2206
2105
1712
1906
1303
1503
1909
1502
0412
0711
0606
1711
1510
2503
2203
2509
2108
2309
2106
2301
0312
1507
2610
2507
1306
2711
1403
1612
0210
1406
2606
0203
1605
1309
1810
1508
1604
2306
2506
1509
2811
2810
0912
1704
2302
1401
2812
2403
2102
2611
1506
1409
2406
2308
0512
2407
2401
1501
2710
1808
2307
1902
1805
1804
2502
1610
0105
2911
1710
2109
2209
0405
0511
0410
0411
1705
0907
1707
1901
1703
2707
1803
1702
3105
2402
0310
1602
0612
2408
2612
0212
1611
2705
0812
1811
2603
1606
2804
2604
2712
3011
0510
1601
0103
2802
3010
2806
0211
0809
0208
2805
0304
2808
2601
0305
1802
3005
1608
3004
0104
2609
1708
3103
2909
3012
0112
0205
2904
1809
1603
3001
2605
2910
0508
0811
0408
0506
0609
3108
1609
0610
1807
0607
2409
2905
1806
1801
2704
0507
2709
0307
1709
0306
3009
2602
2809
0309
0401
2703
2608
2901
0908
0611
0712
0810
0709
2803
0708
3008
0207
0406
0608
2607
0805
0407
0910
2903
2706
3007
2801
0302
0301
1706
1607
0902
2702
0206
0501
0509
2701
0209
0107
0704
0804
0502
3107
2907
0308
0402
2912
0906
0903
0503
0905
0108
0604
2908
0710
2807
0802
0109
0602
0504
0201
0703
0901
0409
0801
0603
0403
0803
0702
0106
2906
0806
0904
0807
2708
0701
0705
0601
0605
0111
0706
3111
3104
3002
2902
3102
3109
3106
