1234
1111
0000
1212
7777
4444
1342
5555
2222
6969
2000
3333
1313
6666
1989
4321
1986
2112
1985
1987
8888
9999
5150
1984
1235
1982
2004
1983
1981
1980
1010
1979
1988
1977
2005
1978
1991
1976
1975
1122
1990
1973
1992
1974
2002
1969
1972
1993
1995
1994
4128
2003
2468
1230
1971
1996
1970
2323
1999
2001
2121
2006
1997
1968
2010
2580
1998
2007
1966
1951
2525
2008
2020
1964
1967
5678
1221
0123
1965
1945
1963
2009
8123
1004
1022
1962
1231
1960
1225
4200
1000
1961
8080
1001
7007
1956
1959
1958
1957
2012
1414
1123
1515
2011
4545
1919
1357
1012
1955
2424
1213
9876
2345
1112
1223
1954
5050
1020
1818
1121
0987
1245
1233
1907
1953
1211
2015
1952
5656
1717
3030
1224
1905
5252
1236
0007
1314
1011
0101
1950
1210
2211
1024
1201
1453
3232
1903
4567
1324
5683
1204
1948
1023
1947
1949
2233
0909
1205
1002
1005
1102
1007
1215
1200
1209
8520
1488
1214
1928
1101
1208
1911
1941
7410
1103
1127
1616
1701
1029
2727
2828
1217
1124
1104
1003
9064
2626
1227
1203
1114
0420
1946
2014
1218
1812
1125
7878
1129
2212
1220
1222
7153
1228
1025
3434
7890
1120
1331
1226
1008
1202
1013
1942
6789
1107
1105
1944
1216
1128
1021
2511
4242
1912
3456
5454
3131
5566
1337
1106
1206
8989
0202
5482
1015
2013
1914
1009
1908
1113
1207
1126
1904
1031
1478
1028
1312
1943
0505
2244
1412
0808
1219
1017
1708
1026
0815
1109
0001
1018
1014
2311
1108
1910
1369
1410
1030
1906
0911
2016
1016
9090
2312
1902
1411
1909
1100
2929
1937
1492
1229
1115
1432
1900
3535
1027
3636
1119
0303
2501
2210
1117
0707
1006
1402
1901
2202
2512
3006
2510
1232
1256
3112
2111
3003
0404
1311
1379
4711
1134
1920
1110
2505
4040
1940
2310
1709
2104
1925
2410
2204
1511
2205
1939
1917
1243
1512
2304
3000
1929
2101
1130
1923
1305
0147
2412
1938
1936
2106
1303
1254
1199
2303
1927
0311
5151
2305
1789
2103
9898
2255
1269
1308
2332
1118
7894
1019
1310
4343
1504
1405
5858
1066
1921
5236
2110
5000
1404
3101
0102
1505
1922
1304
1881
2143
2201
2405
3110
2206
7474
2107
4747
1408
1133
2504
3210
2508
2812
2411
1926
1407
1935
1933
2208
1301
5353
1605
0204
1192
7788
1503
2105
3452
2552
0110
4455
1502
2108
2469
1302
1307
1664
6996
1606
1918
2207
0711
1138
2509
2507
1510
7272
1306
1309
1321
2203
1258
2711
1612
1811
1924
3737
1932
1930
1604
1116
0412
2503
2404
2506
0606
1931
6464
1707
1934
5190
2301
1916
0210
1913
2306
2403
1711
2309
1508
1712
1915
4141
2356
6669
2302
1804
2401
0411
5757
2802
2406
2810
1610
1776
1323
7575
1704
1406
1808
2109
1810
2710
2811
1401
1507
1710
2707
2905
0312
2307
1703
0912
1705
2606
1523
2611
2610
1805
2308
2277
3105
2123
1702
2526
1506
2369
0512
2243
1509
1403
2603
2911
1602
0310
1501
2102
1409
2502
6565
2408
2805
2904
0812
0510
0811
2209
2705
3128
2407
2234
1802
0070
3214
4949
2604
0203
5432
3011
3600
1803
1525
2601
2612
8899
1423
0304
0103
2806
9988
0211
2324
0405
0212
3344
1415
0410
0208
2288
6767
3103
0511
2804
1551
3005
2402
3004
0907
1452
8585
1177
1188
2486
0104
1611
2808
0305
4646
2909
1603
1609
6161
2605
1608
0852
2712
2801
3001
8118
0612
0105
3107
1807
0709
0508
2122
2903
1155
6363
2017
0809
0408
8282
2200
2409
0205
3010
7734
8008
0506
0507
1801
1318
1601
1425
3108
0708
2704
1456
1806
0712
0112
1738
4848
2609
3825
2703
2608
1144
0611
2236
1516
2803
1278
1500
1809
3838
0609
0321
0407
7676
7979
1358
3100
0214
1345
3012
0307
0607
2326
1080
2709
1618
0710
2901
1607
0308
0608
0011
2602
0220
0258
0401
0306
1325
1472
2706
8787
3009
2523
3008
0207
2809
1819
2517
2500
3007
2702
3366
1288
0309
3113
0610
2607
9696
1706
0509
2589
2333
0302
2030
0805
0122
2131
5225
1290
0501
3603
0406
2585
1186
7171
1590
0402
1299
0910
2100
1285
2910
1237
0701
2528
3579
9000
2522
2701
1688
2223
0206
0502
0109
0810
2521
7226
2912
3670
1320
0301
1171
1322
0704
2907
0069
2807
1888
2325
2513
0120
1346
3211
1580
2518
0905
1289
1277
0209
0906
0703
1250
0908
0804
0077
0503
0902
2129
6868
6262
3322
1257
1178
2021
0504
2134
0213
0409
1359
2906
0107
1470
0108
1441
1718
0803
4554
7070
2908
2524
3141
5424
1279
2191
0201
1420
0106
1248
1771
1287
0315
2425
1793
5525
7373
1319
1281
2519
0666
0403
6699
2128
1521
2515
0604
1300
1800
1255
9009
0901
2520
9900
2266
2516
2119
2327
0525
2442
2022
0124
3321
2588
0603
3355
3182
1386
1397
2314
0801
0903
2728
8181
9595
2221
1326
0602
2663
2662
5959
0802
1172
1821
2213
9111
5556
6060
0125
4234
2125
9393
2891
1238
1418
2319
2527
2708
2357
0904
3223
1183
0119
0425
2189
0807
3939
1315
0806
1166
1052
1469
1619
9797
2558
1198
4123
8484
2177
5588
3377
0421
2113
1513
0721
4569
0314
0702
5577
9119
1239
7891
7896
1520
1428
1400
9191
1530
4000
2316
4488
1191
3121
3310
3311
2232
1181
1150
0313
5544
1317
2124
3388
0323
0601
4121
3721
2514
1421
2117
0705
1477
0522
1282
0316
3323
0605
1624
1589
2186
2126
2169
8686
0923
2224
5891
1316
2359
2214
1524
0111
0415
0330
0660
6659
1437
1244
1332
4649
2529
1422
0121
2882
0921
2785
2315
2539
7913
5522
1777
3369
0325
1424
1579
4417
5321
1617
4422
5005
2878
2536
4561
0614
1092
2582
1169
2341
2197
2115
2055
2627
1175
0717
0217
5234
1661
1825
2114
1327
1132
0424
2227
1377
0324
1242
1381
1626
0919
2321
2579
1778
2388
0326
0320
5963
2118
1259
1542
0414
0331
1388
1891
1298
1721
1899
1197
0515
9911
1131
5200
1689
1071
0521
7711
7942
8088
1879
7412
2530
2563
1368
1517
1147
1598
2426
0706
8246
5500
0514
0426
0814
2772
0422
1040
0825
7887
1727
4226
1268
0428
0127
0416
2685
2456
1352
0913
1596
1430
7008
0813
5512
0822
3690
0413
3791
2025
5665
1666
2127
2120
3111
3212
1356
6677
0513
0625
1266
0523
3015
4862
0216
7000
1380
3125
2229
0223
0215
7700
0318
2829
6661
1715
0928
0918
1187
2535
5254
5791
1595
0226
0831
1328
0624
0317
9981
0322
2046
0013
0520
0925
1152
1251
0927
3399
1532
2313
0423
1458
2322
3700
1350
0531
2040
0225
1247
1575
4512
1253
0518
0714
1600
0228
8800
4271
1156
2300
2888
4201
0417
5100
8642
8523
1333
4563
2317
2132
6688
1526
3412
2262
8383
0915
0429
2414
0224
1378
1385
2215
2188
2299
2161
0328
2499
4556
2231
1518
0818
1622
1569
1892
0221
0009
1826
2269
2639
2918
0821
2531
8000
2024
0613
1416
4114
1240
4224
3663
6543
1193
1581
4477
1274
0126
1471
3200
1340
0922
1620
2358
1436
5329
1417
0419
1398
2133
2687
2389
2546
1141
2187
0713
2365
1283
5232
7778
1055
0621
1559
0920
1182
1527
9205
1090
1246
3393
2846
1587
2216
4004
2428
1824
1613
1725
1829
0528
1098
1585
5425
2328
2545
0623
1293
2158
0916
5674
1344
0816
1522
0615
8811
1535
1820
0128
1627
0427
5324
1145
7117
7654
1623
0219
0724
2199
1158
2337
4523
1728
1775
1375
3282
1787
1275
2789
2455
1876
0519
0823
0616
9292
1597
1433
2400
2729
2225
6600
1363
2722
1280
0628
1529
0929
1364
2791
0418
7789
0727
0524
7557
0917
1195
1033
6453
0828
1050
2431
3300
1555
1366
0728
1196
0012
0099
1882
0715
5455
0722
3728
1533
1189
0924
2329
1434
0117
2130
9874
0113
0115
1827
5210
3711
1372
8891
0725
2272
1669
5565
3213
1295
4891
1788
2541
1179
4566
2583
2136
3123
1625
0517
1723
3312
2023
0327
1431
3334
2050
8855
4578
1860
2628
4411
1190
0114
1355
1877
6667
5511
1088
3698
0723
0619
0218
2881
1099
2684
3443
2334
5599
4568
1822
0516
7399
7799
1475
2550
0129
0618
3383
1519
0914
7414
1360
9966
0319
1675
1577
9632
1586
0622
1329
2156
2145
2555
1032
5253
1365
1399
0820
8426
1719
2144
2252
1823
3699
1435
2141
1387
3124
1726
2185
1276
1170
1338
6288
1731
2987
0227
3578
1621
2848
0526
3891
4466
2366
0824
2142
2877
1284
3233
1887
0527
1069
4546
3313
8765
0729
0329
1135
1176
7791
1591
9375
1828
1413
6655
0130
1272
2230
2569
2235
3221
2242
1593
6869
1541
2677
2393
1814
1174
2261
2676
1161
0626
1143
1265
1836
2538
2989
2415
1070
6000
1444
0620
1286
7771
2179
0131
4565
1367
1869
5585
3325
1330
1051
9791
1260
5115
3331
2480
1389
1426
7691
8848
2613
1354
2532
4500
6435
2274
1077
2019
2286
4231
3883
1370
2686
1679
1383
6891
0926
2116
8910
1241
1376
6111
1668
1252
2587
9207
5688
2289
2181
2435
2068
1685
0930
2879
0530
1599
0786
1479
2448
5456
4791
2218
0529
3527
6191
0826
1588
2823
1429
0819
2018
1374
4312
2547
1165
7895
4111
2586
2852
1720
5533
3693
3250
7546
4562
5233
7775
4400
2245
0629
1263
3339
0817
1732
4433
4564
1729
1769
2821
3927
1572
5161
1267
7879
1455
2992
1271
3216
7123
5689
3252
2155
2176
1351
1194
1578
2413
1180
2099
1759
1361
5213
1335
7447
2385
1427
8400
2363
4521
3691
2198
1457
4589
7531
4001
1349
1691
2140
2378
0118
9494
1089
1656
2575
2217
7755
7861
1334
1730
4998
2618
5775
2427
4079
7899
3215
9669
0222
6123
2344
3615
8023
1662
1722
2258
2600
3786
5477
2282
2999
1151
1813
6336
3195
7411
1791
2534
7707
1270
1168
2667
1628
3031
3234
1878
2355
1162
8657
2152
1783
1468
2080
1782
2659
5515
1341
8877
0430
2342
3104
3303
5445
2577
2416
1419
9199
2278
3120
5623
2422
1057
1297
2533
1353
1440
2556
1724
7889
4423
0720
2318
1362
9889
7667
1273
0022
5505
2147
1347
3142
7897
0827
3127
5283
1159
2387
2382
4268
5421
2871
1592
0627
2591
1531
1765
8691
3421
1445
0829
1885
0630
2331
2423
9990
7179
0116
2361
2351
0369
3256
2320
2548
6300
1713
2478
1868
0716
0719
1184
5615
1336
1632
4125
1832
2195
1682
1049
2183
3133
3435
4020
2192
9510
2226
2488
2983
1567
0731
8866
2700
8521
4416
2287
2256
1545
2822
2777
3500
4293
4456
0617
7177
0718
1896
4313
0990
4560
2353
1371
1045
9768
2259
1140
2788
1157
2220
7787
1142
3201
2581
1683
3230
2629
1047
2330
4213
2336
2026
1714
1296
7744
3733
1392
2665
1173
7273
1680
1550
1447
1815
3283
2938
2135
4130
3292
5123
1514
2883
1690
4869
0003
1075
3345
2786
9991
1852
1249
4211
2042
5125
2386
2254
1700
4994
1348
3020
5255
8999
4989
2150
2251
5211
8808
3626
7227
2421
9211
1078
9989
3510
1086
4445
5288
3132
3773
1048
5464
1568
1874
2436
1390
3245
2719
4774
3515
7997
2379
1081
3265
2377
1459
1565
4789
2027
9112
3335
2033
2392
1060
5646
1563
8998
0726
3588
1264
7776
3119
1153
5055
1373
2566
2151
1139
4356
0690
2283
1556
1474
4664
2347
3287
4688
6556
3991
2818
5885
6226
2354
3553
2838
4587
7898
5168
1850
1154
1528
3389
2166
1544
3521
1084
2590
4420
8822
5401
2335
2477
3525
2346
2819
9123
8586
2696
6900
8688
1768
5001
6678
6633
2432
6321
1450
1898
4132
9871
9800
1630
1454
1044
4100
5472
1163
0880
1082
1856
1548
1735
2615
5595
1095
8889
0187
8791
0143
5545
2982
9691
1673
7877
3152
1056
5412
2913
5551
6265
3238
5263
2219
1034
0830
0021
6791
7860
2175
2028
3571
2384
1074
2596
1185
3220
6541
7337
2813
2246
5988
2280
6369
3266
1890
7001
1164
4050
3158
4520
5377
6591
2228
9511
1766
2775
2248
7126
9527
3332
7475
4682
2718
1875
1035
6691
8788
3669
2537
1895
7749
1063
2250
2381
2800
2971
1539
7677
6233
2180
8880
1489
1059
7500
1830
5888
1384
5354
7785
1085
2666
2564
0777
1394
2429
2418
6628
7981
7845
5282
2430
1480
3002
3115
5433
5567
4126
4884
5589
9630
2578
3336
3832
0023
2551
4210
2691
1716
4221
9001
0088
2090
1079
1817
9998
2573
7532
7856
3536
5995
2621
2343
4570
2825
8900
3362
4414
1629
5002
1054
3666
1799
6942
8562
9188
1064
4510
3338
3695
5411
1745
0010
1636
2240
1848
1043
2717
7391
4152
6977
2475
7733
1686
5554
0008
2167
8199
1855
2148
1538
9899
2562
5155
8288
2433
1291
6311
1540
1148
9251
1343
2154
1576
1136
1863
6446
1451
1160
6006
1880
3040
6587
1831
2778
5691
2420
7767
7911
1753
1463
1072
2726
1670
8988
5188
2153
8525
1739
6257
3122
2958
1046
3021
7576
3570
2031
3777
3591
4800
1037
3425
2362
8621
2669
5051
1562
3359
1687
3168
2173
2714
1261
3114
3512
2559
2458
6686
2479
6786
5273
9812
7591
8926
1570
2826
2998
2792
1442
2285
5463
5333
5510
6263
2417
1534
2898
2029
4112
5112
1543
4002
5410
3231
7178
3126
4443
4454
6425
1438
2622
3129
1573
5654
8701
7577
2544
5212
3343
2624
1065
2088
7111
8462
5335
1262
1871
5280
4212
2275
1087
2887
6230
8812
7722
5152
1678
2182
1631
9909
5291
6755
4544
8898
2922
2371
1582
2171
5591
2051
2814
3219
2557
8081
3254
2623
3400
2730
1872
2138
4555
4691
2865
4077
2452
2721
1137
3682
7779
2892
5521
2464
2617
2782
2565
2466
8869
1036
4860
3888
5629
1870
8885
1864
3177
1490
3033
2689
4412
5446
4334
3363
1886
9908
8210
2376
6603
1770
4011
4865
3326
2082
1073
1643
6535
3406
4243
6120
3330
2939
2489
6925
1786
5673
1460
6711
9753
3410
3411
2450
1391
9333
3022
1467
1844
4144
2902
2679
1091
8732
2399
9110
5111
1756
7714
3562
2296
2692
1696
4124
1583
2859
1889
1861
0044
2930
8890
1083
1785
1484
4580
1795
2137
6119
3185
4591
5758
7980
2467
1167
2451
1041
2549
4256
7812
7285
5632
1042
5246
9975
1491
8892
5569
3478
4265
8421
5582
2398
5800
4499
2368
2980
3658
2044
2241
2168
3253
2292
9977
7210
4404
1058
3565
2816
2375
2876
3800
7467
2737
0730
8757
8833
3130
1584
2658
4810
2757
6266
0002
6622
5478
3696
1752
5383
4142
2419
3455
6776
4245
3264
2460
6988
6690
7718
1149
1750
2367
5681
5466
1557
4999
5292
1654
2264
2159
5385
8965
2444
9891
1476
1339
8384
6886
3656
9221
5600
5389
8001
4588
3444
2383
4225
7110
1865
6989
4653
1614
1553
3301
4311
3665
8823
3155
4410
9987
1068
2281
1546
2915
9007
6717
1645
5612
3150
3678
8829
5193
4511
5855
3971
7989
4220
5325
2986
2683
3324
2651
2997
1574
1067
8191
0691
2656
2290
8669
7781
1554
3277
6971
5122
7783
2653
2350
4324
3218
2554
2766
1448
3241
1564
1744
2779
2273
3454
3225
2139
2193
3278
5262
5010
7773
6611
7800
1684
7766
1038
6636
0024
1536
1053
3255
3166
1443
4344
4030
5513
3673
8126
2540
3340
3236
3281
3555
5747
2268
5121
2045
7212
4532
2032
1560
3781
1671
3572
4223
1845
2348
4600
3315
2284
2434
8336
5011
2543
7100
1485
8810
2445
4812
7277
8668
2991
0055
7758
4060
2247
4316
3118
9919
3116
5559
3639
2542
1294
2482
5535
1561
1780
9870
6199
7121
2900
1653
5420
3457
5571
6660
2276
3197
2170
2465
4325
9887
5191
2257
5269
5575
2776
2783
2584
5323
3789
3337
3585
1692
8486
7646
2165
1382
4535
2453
3474
7876
4044
4525
3145
5277
7770
7852
8901
6100
2977
2483
5523
2237
2397
2265
2781
5655
8878
8844
6723
2758
5110
3654
7418
7610
5012
2048
3385
3013
4995
5159
5366
8055
0770
1146
7539
6264
2616
3217
3351
2457
6566
4421
5440
4424
5214
8177
6165
5859
5866
2470
3382
2678
9969
2190
5201
1292
5700
1633
1487
5300
1884
4432
2081
1482
3262
1486
7477
3688
2988
2886
5124
8082
2763
7374
2396
2699
4009
3186
5611
4441
6911
2752
8228
2462
5256
2630
1816
1497
7780
7747
5658
3632
3373
1615
2260
8778
3577
3139
6768
4413
3618
4215
1097
1883
3546
2926
2178
6888
6116
1396
4522
6162
5250
9586
5261
2715
2849
5309
3511
4012
2682
4484
5991
2279
3712
0017
2864
3556
2340
6866
2184
1076
5408
3060
6366
4010
1835
2380
1779
9862
2474
3251
6400
6282
2172
6665
5400
7193
0083
6412
2921
5677
4700
1737
1093
5501
4122
3623
4440
3224
5431
1566
2293
5657
2390
9801
9982
4269
4582
2238
5258
8182
9012
3242
5221
1547
3710
2815
3085
6210
3102
2485
3320
5811
1733
4222
7172
3024
5557
7125
9091
5007
5020
2636
7723
0891
2060
6644
0004
3422
9955
5217
2880
3522
9996
8897
3624
1755
4474
1754
2576
5120
6232
4244
2484
9394
5415
4505
4464
0159
5129
8196
8990
2267
2083
2338
3318
1439
2820
1873
9697
2454
1571
3258
5752
4590
5312
0033
1558
1499
6671
7854
1859
1634
5666
8090
2747
4950
8911
1781
3697
3316
4585
1650
1772
7456
2968
5576
2830
6318
5789
3993
2850
8011
1681
2567
8816
3375
4255
4102
5435
1096
0550
5241
2996
8818
5166
6676
9995
7867
3151
2459
2672
3611
4117
8991
8187
5060
1834
8310
5560
3787
8487
4501
3202
9395
5465
3109
9002
0071
9910
2085
8428
1648
5426
6606
6171
6613
6696
2767
3742
5422
7319
0800
0014
3543
2498
7530
7388
1747
3314
8756
7982
3354
2391
5524
9821
6411
2668
4680
4080
5223
3625
3376
4712
2625
3222
3652
6110
2599
1537
7717
0100
2447
4007
3014
2723
4160
5311
3308
2895
8596
2713
5198
2481
6211
5004
6500
5488
1473
5639
8868
3514
9512
7774
2160
8588
7712
4008
5265
5721
8488
2070
1465
5587
5695
3601
4513
9923
7200
5413
3080
2633
2497
2352
5276
3170
2648
6668
6654
6972
2568
5579
4113
1734
3445
1640
2645
7912
6115
5251
2461
6253
3610
3208
1774
1039
4110
3963
5356
6546
4275
7077
3466
9777
6292
6118
5999
2896
1660
7829
3569
5127
1773
8522
8448
7458
5181
2899
2956
3379
2058
6987
5671
6422
1464
3134
3995
4406
9088
7295
6040
8558
1853
3163
7189
1854
5696
3050
8100
5136
8913
2693
2163
5546
9922
7797
3263
8624
8291
4140
7010
9311
5520
2054
2063
1393
3692
9906
2249
3528
8005
6612
5369
7865
4515
3296
2263
4620
3117
2270
6693
5558
7611
7735
5231
7321
1833
7377
4041
8386
8528
2754
2680
7221
5966
4235
7721
7819
7215
4551
7701
6664
6285
5242
1062
7737
7769
7476
6778
1699
2253
2965
2654
8128
4628
1481
4486
3317
7880
5189
6663
3424
1644
7600
4988
3442
2650
5316
2092
3687
2927
3302
5823
0025
1552
5578
7232
5781
1784
1893
4266
9731
7211
4996
8929
8956
8814
5257
6001
3209
9115
5645
8002
7400
5021
9173
6875
5326
4991
2487
2075
8881
1395
6011
5182
5985
3524
2439
4253
3612
2035
2936
4251
6188
6656
6523
9521
8666
4811
5387
9559
8963
4826
5459
9878
5101
3617
4252
4663
6007
2851
6658
4452
8762
8916
5900
8284
4656
7678
1446
5230
3645
8188
5355
3029
3824
9010
9101
8611
1741
3367
5552
3288
5896
2036
2981
2077
4120
2553
9185
2793
3023
2652
2360
6999
2831
8789
7112
4228
4204
3240
5452
1677
1483
5684
7669
7727
3629
2955
7931
5205
5534
6151
7011
4469
3520
3401
1862
5877
4209
6121
2162
9021
6248
7424
4777
5467
4369
1462
1493
3192
9779
2893
2972
3356
6239
6466
7448
1061
3244
3651
9976
6511
2797
8893
5491
7587
6966
6545
5687
1642
5878
5676
3423
6164
9933
3969
5799
2291
2471
9788
5698
2443
3955
4155
3451
4232
5153
2833
5550
2614
5220
5416
3246
8771
1672
8909
3342
4547
2446
4119
4815
3878
7274
3415
2966
8831
2056
1840
3759
5580
8217
2239
6009
2473
3458
9293
4652
9050
3465
3285
2441
3810
5898
3353
4250
7275
5423
2619
4355
2787
8200
3637
4850
6252
4377
6562
3146
4658
5315
5264
7888
8871
7510
5113
9008
3416
4118
3978
7710
5543
4322
4548
2146
6532
1858
9591
1498
4357
5224
3575
1763
3835
9552
4214
3025
4415
3055
8009
5711
7533
3538
2370
6672
2476
5916
5759
1461
3467
4219
2932
2646
5177
6410
5382
8050
3662
4536
3019
5116
9396
3137
3228
4508
2047
9663
3235
2868
8706
7425
3164
7782
3505
0190
5235
4300
3772
2731
3088
2720
3365
3900
2990
1798
3657
6626
5679
5226
2664
6420
3784
7926
3304
6569
3136
8111
9326
4575
6391
2769
7300
8904
8850
5911
7115
2796
2570
4434
5330
8864
5458
7009
2472
5404
4911
6351
6200
4748
2157
2149
7666
7311
6970
1649
2836
2824
4206
8500
2053
6328
4208
4260
9210
6887
8275
9182
6275
2069
2973
3477
3307
7511
2490
1495
3196
5310
5040
5561
3106
9230
2395
3162
5183
5487
9400
7866
1667
0486
5590
3489
1635
2560
5812
5499
8189
5299
9287
3526
7664
3432
3204
7288
6456
6610
7786
6573
2866
4679
9117
4127
7454
3840
5222
6259
9004
0999
3260
1748
6805
8987
4542
8529
9515
4241
3436
4666
5869
4280
4430
9877
2858
6521
2733
2978
5358
3180
1641
7333
1466
1740
4442
6329
7665
7128
7355
4610
9369
0005
8912
3203
7515
6272
4852
2855
4450
9980
4832
4323
4824
5792
2364
2065
1839
4820
6624
9500
4599
3614
5733
2084
8283
3179
3143
4207
2635
3327
1790
4333
6616
2875
1655
7810
2862
3450
3205
9944
8411
3306
3441
2872
3684
5135
9992
9129
1665
8593
2495
5532
6364
3305
1496
7129
2086
4151
4326
5359
2164
8758
8995
8828
8279
4586
3468
2869
6670
5825
0079
6531
2832
6958
3650
2724
4489
3433
9080
3899
2294
3557
3181
7652
3630
8385
7873
8587
5647
3175
8010
5244
6112
5229
5202
3533
3563
2897
3866
3293
6454
3417
8485
7757
5006
8327
1638
2750
8264
5564
3169
5469
8802
3545
6463
8753
2795
0300
4462
2271
4115
8211
5176
8555
3144
6465
5553
6766
6542
6752
6334
2885
2339
8801
5130
8541
6680
8007
8675
8902
4896
3771
3414
3429
5527
3188
8399
8285
3420
2091
4552
3038
3589
8865
1760
1449
5474
3689
4217
8887
4240
7485
5853
5782
9635
7583
4101
9535
5266
7002
4451
9565
7900
4758
8388
4005
2961
3875
5960
2716
2688
9177
4550
5969
1749
2620
9229
7883
3887
6163
5531
9100
6482
3041
3341
3959
2349
3655
7452
6424
7612
4821
2759
3173
2440
9335
6985
9525
4816
5562
3280
6689
5260
3566
3739
9875
3036
5516
9856
2034
5953
3140
8133
8084
4418
3488
6189
7020
8161
8872
0357
3540
8591
1897
6176
6525
9901
6536
3923
4288
1761
4310
8312
9588
7465
6221
4345
3035
3763
5444
5206
5441
6452
9235
3564
9598
5739
4352
6190
2174
2373
2571
7784
7625
4233
1843
3044
7859
1594
6337
3817
7080
5165
5030
3319
4188
4332
8238
3357
2041
3032
5892
3269
8681
3574
5436
7580
9355
4003
3199
5777
4425
0016
3633
7114
7792
7119
0451
7573
2784
5117
5003
2761
3156
2492
5610
8477
3378
7535
3719
7185
1841
8020
2298
7362
4613
2074
6326
6325
8711
3542
6488
9011
7768
3507
4756
5835
9638
8921
9522
4203
6558
8012
6788
3206
5863
4145
4428
6998
6743
5337
2064
4844
8472
5144
4006
3273
2574
2079
7419
2098
9852
7113
2834
3352
2884
2690
5634
2631
4579
4156
5362
9114
9912
5140
3426
4419
5642
3472
1094
4487
1674
5887
4405
2076
2931
5468
7520
1792
4859
4951
3161
3580
9449
3374
1651
1894
7293
2827
5519
5989
6070
1867
7823
2634
6455
4227
6212
5139
4531
8600
4154
7978
6256
2748
5993
2374
9192
1652
5643
5723
1646
7201
6501
6295
2561
7999
9576
9879
5351
4133
5228
3275
6544
3815
8919
8923
5726
8120
3893
4409
3541
6554
4478
4785
5281
6215
7828
3309
5453
7004
2052
6913
9295
5287
3226
7881
9963
8561
3567
9865
3769
2394
8903
2745
5780
8318
4448
7657
7222
3135
4543
4549
9137
4678
4447
6991
9654
8777
5386
4494
3945
2817
3537
5156
5622
8127
5199
5548
4518
6276
4598
7191
5457
7512
6589
9686
5103
4399
4654
2437
2449
3802
2923
2066
8959
5476
2592
2985
7234
2920
6386
9631
3839
3501
9993
8129
2854
3911
2372
6769
4854
3475
6128
2043
3026
2842
7713
3257
6751
4401
9600
1796
3189
4987
8300
7423
4202
8393
5154
3408
3833
9258
4229
1866
8392
8112
9031
6902
1757
7229
2790
4342
8950
8851
6310
6552
7347
2889
5243
9577
6234
8858
9003
5215
6700
8856
5584
3680
4485
7673
2674
5417
6428
9904
3568
7697
5437
7169
6312
8353
9633
4475
3387
5025
3428
3016
7745
3811
8311
1549
8769
3154
1842
6679
4168
3037
8456
1742
5847
5810
6245
5438
1663
7157
8511
9099
4516
5402
8004
9154
7238
6547
5245
4453
3259
6842
5392
4150
4647
3508
5648
6025
3513
3405
9983
0027
5240
7283
5675
5627
5910
2919
2491
8531
3381
6646
3248
3482
8852
9514
4331
6871
5879
2780
2839
2914
2770
7987
5503
1695
5644
3928
6800
5568
5621
5530
5882
5145
4856
2774
5022
4750
9133
7991
9087
5102
6974
4577
2071
2061
3797
4801
9798
4190
7276
4315
3237
5926
3544
6692
7579
6010
4509
1758
2744
3845
3018
3550
3622
7140
4177
1693
8197
2057
0192
4105
2764
3470
2660
5070
3912
4015
2969
7421
4572
4717
2463
4386
7372
8883
4721
7811
6909
4353
3243
3586
3849
4351
1751
0571
6061
8105
9625
2494
4534
4180
7988
4022
2087
9197
7827
8741
7772
9666
3453
3447
9382
4606
4479
6012
3431
8884
6225
4408
2078
5009
8222
4710
2844
4849
6269
6877
7310
3148
2632
3360
4131
5418
3394
1847
3427
7839
9178
0153
7882
2643
5526
5920
8790
4248
4855
3492
4990
8391
6588
7415
9807
9219
7478
2741
4612
7420
2642
2297
5822
7588
3644
4866
7598
4314
8512
4170
9959
6681
9125
1857
2738
5118
4277
4021
4813
2933
8121
8782
0020
3358
6003
4657
5788
5509
0019
6157
7862
2725
3532
6126
5528
7445
4192
7202
5033
6352
8180
4350
3768
2496
9707
7893
6967
4631
4541
3999
4236
6066
5664
3461
8086
6524
7518
6510
8589
2655
7233
3738
4517
3071
3668
5301
4481
5864
3045
5342
3364
4502
5318
3446
5626
8928
2928
2975
4108
6155
9200
7383
5976
4238
2039
3191
6468
3386
4285
7759
7741
6630
4042
4993
4458
9888
9517
4648
5270
6777
7101
4992
5015
5131
7127
5157
2874
3171
9713
3165
3034
3595
4329
9410
2644
7417
3396
3176
8221
7869
3519
6150
6512
3672
3390
7555
3812
8952
4514
7173
7298
5227
4558
9413
3821
8286
9892
8908
5583
4279
5462
4668
5142
4134
7214
5080
4480
6131
9277
8433
3361
4181
5461
8410
5659
8907
3371
8662
8569
3290
7886
3660
2976
7224
5320
7584
2089
5884
3160
8573
6954
9979
3590
9571
0789
4498
4286
5114
4576
6201
4258
6251
7504
5490
5272
2856
5667
0333
3523
5641
5141
4851
7312
9854
4593
4013
6973
9582
3798
5586
5547
4153
5541
4910
1797
7003
4246
5662
4179
7574
1659
1743
8690
4504
4655
2657
8303
4673
6114
8338
8905
4984
4273
3795
0400
9366
3713
5563
3801
6413
2038
3897
4625
5484
6984
9890
8809
9113
8876
5443
2096
2890
2916
4205
6333
9362
5712
7679
3350
2840
7122
2925
7102
5216
8633
3621
1851
3642
3190
5971
7188
5625
4524
6286
2097
2572
4472
1846
7892
6469
4755
4263
7633
8932
4689
6979
3370
7264
0991
3782
3261
4254
7142
9030
3594
5108
3479
6277
6122
9555
6166
4116
2979
8920
2640
5268
3328
3638
4148
3504
2756
3346
7422
6522
4533
7103
4529
4888
8976
6912
3082
2095
4559
4875
8184
3871
5414
2732
4431
4045
8958
8951
5507
5504
3398
2873
8171
6575
2771
8993
7231
3286
8212
1637
2863
8262
5204
4733
8250
6965
7472
5451
7402
5685
5768
3530
4757
4626
5471
4262
3247
5363
9698
4858
4216
5880
5581
8412
8321
2295
5909
3851
4571
7431
2196
7868
2493
7570
6421
7250
3459
3462
4230
4182
4467
5821
5023
9811
5180
4900
7426
6004
8215
5158
6615
3138
6642
7702
9092
5672
6365
4864
3534
6645
5874
2837
4581
6878
6101
7901
5899
6280
8322
5133
9495
5690
3813
8526
0555
5237
8255
5767
4621
4825
6811
4320
2935
4327
1794
5279
2438
8110
5862
7491
4799
3722
7376
7413
7884
7136
4033
9118
4840
4495
7501
5914
9699
4814
6090
6270
5542
7985
5289
7821
5489
1647
4187
7729
6874
8116
5238
6548
8185
7688
5826
6284
3647
2671
5175
4143
6555
4470
5381
5852
4136
5529
9022
8109
4877
7585
0078
5669
4880
7885
5968
3397
5105
3740
5427
6196
8225
8103
3499
7765
0898
6022
2799
8896
5284
4492
6821
5483
3491
7175
4660
0200
4506
9455
7071
5964
6432
1764
4808
5987
5473
6283
4853
7715
6930
8420
3437
4921
2593
5844
4284
4391
2641
4765
6462
7983
0018
5388
5391
3066
6910
6125
7018
3174
3227
7223
8687
7325
5652
6222
4055
1698
3473
4887
3814
4503
6279
7444
4032
4460
5769
2755
5680
5693
8513
4449
5207
5290
4885
8689
8969
6013
9692
4916
8819
5485
4611
5502
4528
1849
4507
4104
6901
5019
7120
3391
9863
3942
3289
5219
4675
3291
6020
9193
4497
4645
8085
6529
6491
6021
9300
4017
7910
7918
7469
7174
8992
9513
3547
3404
4290
6963
9597
9411
5397
3159
3581
4769
2749
9337
3270
4870
4147
6801
8612
9321
3646
5267
4164
4426
9206
2595
7006
3822
4025
8906
2798
9644
4261
7521
3551
4622
5331
6169
7858
5508
6968
4662
4722
8167
5460
5816
4247
2695
3987
4818
6889
3909
3184
8101
4719
4129
3828
6758
5013
6268
7072
3413
7647
6297
3239
6662
3070
2845
6515
6322
5058
5365
0900
1838
8821
4218
2751
6812
9116
3940
4171
5248
7806
8977
7455
5661
5218
5710
5322
3918
7145
7104
2952
3464
8220
7833
6019
7686
5574
3881
4737
9799
3372
6271
2062
4274
8183
4135
2765
6008
4103
7595
3518
4354
8234
4650
5357
9701
5352
9166
6345
0234
5314
7724
6582
5286
2964
1676
3229
3027
2059
5760
4539
7021
2949
9288
7808
5606
9448
3039
4753
4491
7720
4278
4602
5876
4781
4283
2917
8452
6787
4026
7480
3616
3469
8115
2995
5537
6955
9121
7874
6109
4490
5442
4841
7863
7256
6608
7822
4382
8700
8432
7582
6294
7825
3584
5014
3380
5132
5486
6220
3069
2647
6790
5660
5668
8013
7323
0532
7453
4595
8202
9903
1658
9128
5450
7259
6415
7207
8104
7220
4519
8341
4482
3783
3920
0006
4633
5729
8933
4624
7219
8422
7245
7809
2984
8825
3090
4363
2974
5549
6370
4715
3384
6145
5624
6444
2768
3157
4720
9611
5063
5247
9897
4048
6002
7050
5975
3531
4270
6687
8545
6986
5631
2049
5962
0098
8040
3299
2675
4829
4623
5364
4752
8030
6872
4616
6785
4734
6106
5686
9005
7550
5699
3147
7005
9711
9201
4615
4736
6567
6502
5090
3368
6050
7181
3659
4468
6477
6213
7719
8404
3272
8108
8216
3558
9782
7730
5119
7578
7301
7170
3885
9913
7586
0500
5285
8125
4723
4985
4828
6698
4387
9786
3099
7977
4435
5771
6682
3487
8482
7441
7496
7622
6505
8214
5104
5271
7650
8465
4471
4764
8922
7479
6218
6240
3054
4397
7798
7225
4189
5820
4161
4819
3648
4833
7107
2993
2957
8326
5867
3613
7689
5203
9225
9678
4465
4809
6303
8824
2067
8590
4446
7335
5813
4174
5819
0247
6775
8387
5977
5008
8623
4237
8733
3183
3017
3516
4823
3599
4701
5492
5854
8845
6632
3548
4257
3944
8804
3853
8886
5278
0791
5143
7451
5170
5162
4685
9165
3756
6473
6599
6781
6771
4690
5297
7332
4788
8135
3198
9859
9653
8455
7108
5514
3276
4822
4878
4370
4301
2847
7484
4303
3582
7503
3274
2735
8224
5024
7151
5163
1694
5360
4378
2736
3741
6244
3279
5317
3714
5327
9195
6399
8580
8564
4986
8813
5160
1494
7269
4980
3872
7147
3471
2773
9986
6458
7118
4282
3745
2598
6712
9222
5635
6104
6519
3028
2697
4596
5052
8610
5313
4014
6401
4199
4158
5126
3430
1736
3298
4373
4728
7304
9498
7139
5296
5912
3392
4782
2853
4604
5054
5955
9872
7326
4955
4718
5071
5434
0015
9294
6423
5407
4403
8505
4393
8277
3869
8604
4868
3904
5598
9700
5475
2835
3707
2649
9496
5640
7726
5630
5755
7280
7369
5797
4149
5860
7482
6301
7513
8803
6236
6943
2638
6533
9412
3486
5570
3602
3347
4372
4776
3284
2694
5868
8201
3440
4166
4749
2037
8805
3552
5378
5481
0030
1762
8489
3560
5374
6442
6302
7246
5984
9997
4540
6572
7564
6598
9949
3792
8315
6504
6182
5026
6634
8060
7262
9224
9124
8875
0080
6620
6141
4669
9491
8203
6235
4882
3750
7393
3808
2597
5239
8119
8867
4867
8979
6731
6278
8515
2944
3635
3056
0072
4553
3788
4644
3506
6625
5517
7432
6568
9978
4659
5875
6156
3573
4879
4697
5638
5044
3438
5536
6675
5479
5059
3844
3640
6564
4754
4614
7143
4367
9585
5332
2934
8882
7632
4024
4109
7756
4835
4019
6274
7203
3517
2739
6896
4362
7536
3093
5406
8927
9478
9204
4176
3448
5614
8524
6377
5017
9714
5275
2860
4901
1837
7875
3681
5344
9322
6820
5518
4923
8006
7255
7541
3641
5714
7984
6214
6904
6514
4483
8423
4457
5018
7739
6224
7315
3187
7294
9724
6530
4197
7089
6978
8533
7243
3805
4016
3267
8022
5380
5184
6705
1657
6922
3879
5053
1697
7790
2959
4239
3780
4167
2698
3715
7581
7282
9581
9317
3047
8292
7604
3297
4031
6202
5613
4267
8655
7345
6461
4530
4601
9810
4677
4175
5961
6571
3490
6243
7137
4304
4429
4178
6402
4741
7946
4874
3207
7164
7705
6005
5848
5480
2681
5343
9020
3910
9078
8986
3720
9339
9902
4771
7318
6754
4526
5889
7471
8213
3880
7230
6602
6549
4909
8715
8502
7522
7463
6255
7919
4804
2870
4096
3976
4389
8754
8425
5763
9808
5430
4584
9502
7486
5470
4295
5368
6990
3747
6870
7254
6879
8546
8150
8574
8265
2924
7925
4583
9501
6332
7986
6362
7375
6260
3933
6714
4746
5249
9499
7130
4725
6673
6130
5978
8287
6168
5169
6457
3956
6080
9098
3820
7685
8712
0788
9907
3816
6975
9520
3981
7801
2950
7159
8280
8190
3850
7244
3087
9312
5345
6919
0066
4713
4459
2734
3053
5950
9218
7704
0158
7725
5572
8218
3480
6124
6319
3409
9820
3419
7228
7213
5506
7180
8466
8826
8070
6837
4157
4023
6154
6198
4159
4683
9103
7494
8473
7236
2760
5861
5066
3620
4740
5439
4959
5637
6848
6231
5107
4557
5731
9055
8015
4427
8595
5725
6378
8696
5171
8205
8654
5298
6780
5608
8313
7154
4336
8862
4476
7109
3609
9171
6404
5304
4402
5149
7381
7205
5178
4738
7998
8332
8281
5828
3826
0669
8098
9568
7290
4438
8519
3502
6208
5303
6448
6063
7990
8510
5919
9953
7921
4346
6467
5259
3915
6331
7401
3819
3984
6574
3329
4264
7589
5057
9060
6174
4069
6434
3847
4731
7952
6030
0229
3841
6641
7289
3842
6550
3705
4292
3921
4605
5592
6779
4381
3770
4366
5449
4272
5375
4766
3539
6540
5703
6474
6398
4070
4043
8145
6797
9610
5340
3089
9345
6882
3627
7470
6822
5146
8565
5881
8552
8016
7030
7204
4931
5209
9721
9985
6209
7815
8547
7350
5173
0242
4184
7709
6216
7826
7090
3554
0045
3830
4053
4018
5137
8263
5967
2940
4365
3402
3194
5403
6623
3052
7488
8160
9220
3926
4687
3863
5016
8914
7012
6825
1767
5831
7155
4191
6914
8122
7382
3751
8980
9905
4538
4636
0157
8975
9596
2194
5972
7754
5783
7605
3701
9621
9180
6014
8252
5682
7306
3664
6395
7237
4463
3990
7851
3884
4751
5616
7602
4198
5306
5833
4335
5039
6339
5099
8087
5540
3746
9175
8231
6585
5302
8114
6203
4651
4392
4330
5619
8154
0090
3079
8401
5705
3098
3081
7548
4361
6614
3249
6033
6983
7621
6354
4289
2670
6982
3725
4831
8317
2740
5982
4169
3865
5784
3268
5903
5334
7033
5147
6819
9629
4473
3485
7603
4714
0154
7148
8003
5840
7433
4309
2951
3463
7182
5056
8266
6281
9231
9025
3395
3529
7613
4667
3606
4974
9212
1639
4969
7357
4049
9921
3649
6924
8625
6993
8964
5148
6890
6107
8362
8982
8186
9070
8491
3496
4173
5979
6393
6710
8495
5787
7105
4317
8554
8722
3407
8967
7914
5932
5628
8532
7680
3917
7161
7331
8021
5832
7590
6368
5341
4975
4936
8924
7466
5049
9583
6388
6621
6580
4165
6342
5804
7258
4929
3476
9371
7752
5308
0246
3597
5779
4784
5945
6513
3439
3982
2945
4259
6247
8563
7366
6117
6419
8815
8742
4592
6833
7742
2093
9281
7313
5921
6102
6289
7904
5713
3968
6814
9956
9936
5167
6309
9420
5785
8492
6187
9433
4597
3952
4496
7296
8419
3561
6584
5753
7764
3966
3731
7150
4982
4380
8550
3936
4384
3679
7748
3948
4903
3973
5692
9867
4703
5986
6722
7116
3084
8272
6618
5707
8721
6323
9710
2742
5274
9785
8807
6381
4857
5965
5618
7853
0145
4047
7446
5195
7252
3051
5109
1746
3743
6824
4661
6601
3752
7131
9802
7487
4607
3095
7563
4527
4871
4889
8838
4979
5808
6373
7322
2948
7908
5670
5801
6534
8894
7655
7506
7601
7195
6721
7281
7248
3418
8601
8713
9822
5653
4461
7731
3271
4358
5098
9141
0028
5715
6520
3765
8475
4307
7409
7263
7525
3924
3877
0230
3776
8093
0456
3549
4039
4407
6254
4054
3979
3153
8198
6409
6219
7623
7696
6314
6609
6140
9441
8663
7013
3970
4787
6433
7303
5164
2954
7184
8083
8113
4807
9256
8615
5720
8614
7141
6798
7266
9844
4537
3349
5041
4773
7144
3858
4051
4780
6389
6160
0890
4137
7152
5722
5764
4296
7489
3294
5620
9658
6485
3460
4783
5842
6652
4088
7468
9486
9855
8536
9202
6127
7818
8025
7284
7572
8219
5448
4977
5990
5633
6921
9227
3587
7265
4845
4792
8745
6640
4976
3167
3846
4772
4978
8117
4692
5846
8703
3882
4436
6299
7656
5031
8768
7543
4146
4619
4163
6172
7553
5319
8204
9323
6113
9422
4643
9551
5778
9297
8474
3718
8413
6181
6903
7708
5088
7305
8301
4863
6701
2841
8479
5830
4744
5824
4759
7015
9106
9524
4376
6384
6355
7509
3604
9636
4886
4608
9144
4702
7870
6261
7993
5192
7025
6205
5663
7019
7524
4305
4052
5790
8019
8955
5617
8079
5958
8592
6559
7753
3755
2072
9122
8443
6713
8331
4937
7384
4027
6103
8382
6258
8063
4842
4318
3483
6418
2637
7732
6108
4770
7687
5384
3831
6997
5095
3057
5373
4195
4684
5379
5043
3583
6324
9918
9006
8490
4034
3964
5718
3449
9015
5895
8091
6132
9787
5409
3837
6396
6431
6032
3913
7492
2094
2661
5937
7804
6578
8661
7554
9915
9763
4383
6918
8645
5419
9531
7217
6604
4790
4693
6375
7505
3661
4172
5765
7813
6561
3484
3890
8163
7498
3062
4348
7132
6447
8783
5735
8945
3941
6995
7552
9675
4090
5856
9232
9824
4802
5724
4071
5028
5447
6581
8299
6204
0032
8879
4347
2743
8797
2753
6907
6382
3886
6892
9873
7551
5915
4106
8861
5748
0989
6054
6637
7437
3951
9967
4912
8253
7750
9809
3901
3848
6459
3855
5850
8232
8254
7106
8895
8233
8302
3818
4665
5573
3348
6167
4107
7699
7663
6684
8014
4872
8223
8251
3724
8155
7929
4729
6478
7023
5128
9250
5973
7278
3078
6577
5428
5187
6367
7824
4081
7565
7279
8024
6035
4276
6223
4337
6287
8454
9019
8226
5605
4915
3753
6810
9464
4686
6560
7268
7571
7022
4637
7805
5295
2970
6653
7253
5361
9671
8051
6605
6180
8243
9397
7481
3748
4953
9315
7464
6916
2937
7257
3677
3686
6152
5890
7814
8066
2594
7241
7502
5704
5841
3077
5883
5636
4847
7124
4287
4925
9131
5807
8843
7079
8514
7242
5405
4892
9190
7545
9444
7716
6651
9331
3631
5845
5602
9018
3829
9127
0345
2746
8170
6048
7364
3178
8018
3732
7371
7416
6629
4952
8258
8710
9023
4089
8785
6770
6773
8971
4876
4493
7088
8089
4919
2967
4836
6923
6674
9198
3727
7075
7499
3949
6290
5745
6563
6105
6828
3628
0888
3799
8795
8978
3653
5593
4803
6062
9089
9181
6451
7190
9474
5596
6880
7073
3193
5032
6041
7569
8784
9690
5918
8972
3961
5901
7941
6847
7963
8755
5348
9920
7909
6330
7547
8695
7098
6876
6353
5980
7206
6470
3925
7928
9881
5138
6178
3065
9505
8575
7920
4302
4768
2867
9042
9941
5897
3905
8140
9187
3730
6953
4185
3852
6146
9880
6844
7334
7198
7658
6576
4775
8842
4922
3704
5709
8799
6708
6499
6065
7816
8723
5395
4642
8582
4035
7537
5027
3775
6715
5429
8664
5750
5744
3683
9938
5048
5836
7055
6134
9033
9519
3929
9041
7247
8731
6862
6650
3667
6197
8304
4162
5367
7832
2857
3685
7670
9832
6484
5496
8677
3495
6426
6241
5951
3854
2941
9299
9958
4933
9013
9664
9179
4681
7693
8603
9833
8480
7406
4573
5396
9548
5927
3605
7442
4695
7514
7662
5371
7194
8854
4359
9504
6227
3868
5913
7668
7855
0587
4913
9248
5886
8705
0199
4291
9107
8172
8961
6042
5741
6306
7165
5773
9612
2953
6481
6494
9886
9712
5293
6440
7405
7379
5185
9095
5328
8718
3608
5594
5728
9550
8031
7915
2947
6683
9226
4670
3744
5802
6489
4958
5749
6429
4139
5873
0978
5922
6341
4902
4778
6607
3889
4671
6905
8527
6408
4905
9651
7024
8402
7924
6347
4883
5766
5786
7969
3675
5992
4249
9566
4895
4716
8553
6045
5037
6765
9925
9760
9134
5697
8507
7378
7428
3063
3509
7544
3861
5601
7703
5865
9546
8478
7642
6267
3977
6158
9823
4709
4805
9406
8130
6143
8543
7743
7370
9656
3785
8820
5650
5347
6649
6273
7218
7538
8271
9024
4340
6177
6170
7599
3985
4735
9320
9094
8830
7542
9214
6643
3960
9145
9488
7473
6855
5134
4873
8798
8333
4837
6175
8834
4028
9789
7844
8970
4861
4632
9255
8106
7380
8230
7267
5603
4641
8708
6745
7706
7523
6631
9818
6414
4308
5498
6772
9641
7074
7802
6185
5029
7351
9688
7135
8077
6854
6981
0600
3703
8743
5394
8033
9093
7363
5179
5818
5350
6813
7763
7187
3793
4439
4981
8290
6383
4328
7297
3894
8960
5604
5035
6742
0167
9601
8556
8841
5539
9332
6933
7240
4574
8622
4964
8209
9954
6315
4676
9196
4379
6055
8983
5376
4881
8458
9146
4638
8504
8153
6374
6707
7871
9965
3592
9804
7507
5038
7976
9564
8141
6360
8416
7427
9964
7497
9466
4385
7457
3729
3859
5085
4743
6242
7356
7606
9155
6881
9896
9236
5776
7793
6450
9342
5761
6747
3774
3619
6685
5970
8320
7040
7344
5208
4084
6980
6799
7271
9751
6320
5827
7619
6936
7199
9476
4297
7317
7751
6976
6088
9652
7903
8786
9924
9942
9313
4099
8468
9330
6570
3481
6460
8699
4371
2960
9970
3757
4786
5399
6908
7354
6153
5651
5493
4763
5751
9026
5870
5756
9813
9109
4983
6039
9283
9622
3064
8335
8915
9077
7519
4956
5077
9994
5924
7026
7183
7950
8501
8560
4944
3086
6486
2943
8124
3980
6179
3902
9914
6960
8319
7014
4339
7614
9869
8431
4928
5106
8925
9984
3059
4319
8097
6133
8247
6317
5089
6340
8873
4056
3943
8463
6017
9461
7251
6794
5084
7644
3932
5732
6815
0031
0182
6941
7302
5872
7517
0074
5494
6016
9383
8840
4630
4609
9932
7672
5772
6945
9771
8683
7526
4973
9599
9848
5857
8207
7353
9247
7675
8444
4341
7683
6186
8451
0041
4437
9884
6703
7328
7559
3975
6802
8716
8684
3807
5307
3764
7031
8985
9845
8665
8577
5194
5943
4707
8720
8256
8974
9172
6617
7060
4899
9530
7728
9376
5996
9237
7249
8244
9614
8863
6944
9674
6873
8045
6757
6627
2963
6920
6648
6229
4627
7158
7385
3172
4617
8137
6018
9974
8415
4948
5607
7556
4694
9416
3559
9456
4918
7235
7287
7645
7842
4846
8503
6085
4066
4306
7404
5034
4036
6344
3076
5994
3043
4193
9945
8707
3497
6898
8918
9643
2843
4932
3954
5893
5083
3760
6194
0176
7905
5294
6403
0535
7495
6139
4298
9384
3876
5349
8248
8760
3804
4761
2794
9040
7336
9803
6741
8052
8641
8274
3494
7528
3919
6228
2994
8709
2762
4972
7216
9639
8874
9029
7923
7624
9744
7292
5974
7932
9866
5186
3048
8168
7440
4194
8806
5983
9825
6539
7761
7398
0191
8164
7407
6579
2673
8930
8235
8849
6316
9301
6077
3295
9377
6445
9169
6250
3758
4941
7162
3908
9842
3042
6031
0440
6417
9642
3598
4897
5390
6371
9358
6028
8245
8750
7694
9541
8345
7166
9951
4037
7960
4058
8067
3766
8152
8044
6024
6472
7133
5091
4196
7608
5708
9075
9228
5398
2962
8613
7596
6441
4730
6702
4920
5905
4797
5949
6863
6503
8099
5393
5338
9545
6639
9864
8679
6416
8328
8257
7864
9391
8518
4767
9851
6479
6206
9516
5042
8363
7962
9706
5902
4183
4635
7320
6635
8376
5061
4779
5770
4186
9485
5072
3503
5047
9687
9929
7160
7795
6619
9270
4706
6527
7156
3983
9927
9602
0169
4078
8832
9730
7209
7834
7016
9960
5736
8481
6142
4760
4830
9575
4046
8694
8674
8166
9083
6809
0988
3726
6952
6471
5837
9885
7068
8494
8460
9150
8997
8158
8424
9482
4674
6015
6753
6537
6764
8776
5849
6852
8169
4965
9537
8323
3803
8028
6657
9928
9399
9194
8566
3998
8870
5339
7803
8157
5795
9252
5871
9014
7056
0231
9147
5172
7365
6147
6704
8096
8576
6193
9233
8107
6069
4934
6246
7736
4940
6732
4798
3916
5907
6129
8294
0982
5538
6195
3823
8359
6308
9733
5998
3809
8940
6427
8138
5935
5649
5067
4795
8835
8259
7270
9105
8366
0053
8946
9604
4281
3716
6064
3643
5336
6783
7438
8996
9151
8457
6845
7054
9708
6932
7314
9968
5754
8817
3403
8719
7309
5957
3938
6475
7944
3736
7593
6950
7831
6784
9097
4962
4745
3068
9534
3862
3958
9259
6720
8193
9463
9108
4704
6948
3946
7682
8530
8314
6593
4724
8572
7017
9415
9136
9428
3049
8147
8698
7840
3092
4091
5798
9303
9705
3950
8064
7992
5082
6137
7620
0034
9157
6893
5081
9431
5069
4364
9613
9240
4908
7906
9684
8917
8418
5075
9034
9454
5068
8761
4914
8192
9404
4708
9234
8131
9573
4068
9257
9447
9132
3806
8261
9290
3493
6518
9310
6934
6207
3067
7299
6026
3992
7681
9752
3903
6867
5717
3149
4898
7945
6928
8355
9841
6497
6358
6931
5931
5815
9213
6509
8836
9260
6029
9189
7043
3790
8632
7964
8144
9217
8859
9223
9363
8208
9160
5701
8293
9445
4398
7958
4960
6526
8551
3778
4742
9417
0042
8174
8644
7690
3075
9314
9302
8334
8471
7341
6487
8269
6237
6051
7631
5928
8648
8567
9971
9414
9606
8450
4699
7134
7167
3843
5923
8620
6959
6350
7386
9016
7462
7762
6443
9246
4817
6392
3576
9450
8837
7817
3895
9560
7348
7483
7395
7872
5742
7436
8571
6405
9764
8350
6719
7450
2861
7099
2894
9858
4726
4890
5941
8751
9102
6217
3914
5829
4299
8774
5196
9168
6298
2946
5956
8427
5762
4968
7367
7698
9615
7429
5370
8770
8936
8499
3856
6493
9578
8306
9676
5065
7820
7516
6517
9503
3930
9216
6885
6506
5774
7032
9336
9305
7922
9120
8827
7616
8984
3898
6738
7653
5743
6592
9814
7534
9282
5904
9795
6551
7951
4926
6449
0132
8994
4360
6144
7830
7460
3058
8102
4086
7660
7307
9325
7609
3857
7196
5805
4924
6864
6823
0244
5093
7738
9750
9806
6044
9392
6387
7975
3988
4029
3734
7047
3072
8775
9532
6964
6793
8796
4894
5597
8453
2942
9430
3997
8578
3735
7342
3965
5809
3922
8289
8260
8764
4388
9765
3962
7955
8568
8394
9780
5814
9895
0986
4917
5906
9284
8178
8227
7095
7508
9203
3694
6313
3061
8176
5372
7316
7260
0134
9939
5997
9280
8408
8417
6992
7291
5346
9523
5954
7838
8793
8685
8483
4827
0963
6951
8497
8763
6183
9472
8132
0175
9702
9677
9769
4375
4954
5062
8581
9291
6858
8358
9916
9017
9453
8584
6808
6307
6860
9946
4967
7324
9266
5839
9104
9590
9497
4966
6595
5036
6857
7490
4057
3593
9289
9275
9130
7027
9268
6293
7443
8744
4796
9931
8968
8583
0980
3046
9840
9239
7695
6159
8739
8151
5740
8616
8352
6831
8966
8937
9725
9973
6528
5609
4368
7640
9269
6756
9142
5727
4065
6508
8606
9423
9245
0152
6430
8206
6762
6895
9432
9741
5174
9357
6750
6343
4739
3754
9170
7592
9254
3717
9784
4064
9156
9693
9028
8267
7029
9085
6806
8405
4390
8752
4843
8372
9135
9054
8725
9056
3671
7146
7746
9603
5796
9354
3723
5495
5197
4672
6052
8469
8597
7403
7044
8934
9776
8441
5694
9853
8414
8656
8442
2073
7028
8973
9473
3896
9353
8792
9850
6073
6832
9032
8954
8059
3989
6023
8579
8324
6376
7359
8329
6148
9405
8373
9623
8308
6994
7352
3779
9720
8240
8316
5929
5936
6192
4095
6291
9419
4945
9457
6697
9685
9563
9174
8470
4893
7192
7176
4705
8629
4073
4942
3091
9164
4093
8544
9661
6557
8270
6803
9380
9351
9327
9569
9477
5087
6135
8354
7961
9682
5803
6067
4727
3937
3634
3953
4338
6894
8516
9401
6349
8931
9624
9398
3794
6071
5942
9492
9562
7096
9935
9276
6695
6498
8403
8773
8034
9452
8369
9766
8651
9774
6737
7841
6817
9536
8409
9668
4634
9460
7568
9837
6397
8646
5730
8535
4059
9421
4640
9860
8766
7085
7651
8429
7965
8678
9267
6843
6380
8509
8676
3947
4904
3967
8159
8337
0029
5838
0160
8847
9626
6884
0050
9082
3761
9425
8156
7594
9893
3935
8142
6390
3094
8680
5064
8653
6304
8459
8517
7996
6733
7239
6438
7343
6305
5045
7197
5947
5046
6081
8295
7346
8325
0026
9296
6372
8056
9069
9948
9665
0851
3860
9442
9580
9186
6929
8447
6899
7059
3931
8846
5086
9917
9403
0188
8146
6590
0487
7641
6096
9279
9526
7330
9484
8839
5737
9584
6483
9253
7835
3996
0897
6184
8446
9645
8298
3907
5719
3994
4939
0135
9487
8746
4396
9894
7566
7034
9672
3073
9796
9694
8236
9518
4963
3762
7626
9407
8175
8602
7760
8434
4294
9318
8134
9592
6359
6647
7078
3836
7836
6136
4794
0149
7916
6730
8542
9298
8377
9215
6834
8374
8343
6795
9882
8635
5925
5702
7843
9729
7796
9556
6915
7974
9308
7684
7643
9436
6086
9443
7933
6856
9773
5097
8062
8559
6089
7847
6851
7562
8026
9758
4082
7560
7358
9316
8229
3674
4957
8464
9554
7327
8759
9096
7567
3498
3986
9265
3874
7659
6516
6734
6036
8344
8944
7850
4732
8779
5305
4997
6949
0048
7956
7396
3972
8692
9754
9790
9861
3867
8748
9149
9408
9045
5706
7648
9158
9350
0181
7949
9490
6859
7397
4085
4806
9950
9587
3827
6075
9143
9027
9529
4696
3708
9184
7392
4834
8179
8853
0180
6385
6861
9278
9762
7634
8242
8981
5939
5981
3892
9961
6091
9051
9934
5076
8330
8704
8348
7935
6728
3957
8143
0358
6727
6379
4793
7138
9704
8276
4062
8436
7994
9736
8389
9338
7461
5908
0156
9679
9344
9429
6238
5851
5716
6047
0091
0678
9747
9183
4762
4076
4138
5806
9755
6357
3596
4629
8380
6027
8476
8953
5834
6394
7076
6926
6480
8136
8406
3676
7628
9594
6725
8717
9816
9159
0141
9778
9648
4971
0039
8029
7449
8347
8609
7968
7408
4603
8092
9262
8659
8278
9781
7286
8095
9360
7995
6327
3083
8149
6782
8626
9209
9264
4906
8619
4970
8637
7493
7093
4946
8549
6553
9722
9589
6490
0787
7168
9543
9628
8346
7607
9819
8342
9273
9066
7529
8378
0351
7387
9561
9148
9271
6940
9834
8356
9742
6496
9609
7086
7368
8390
7041
6098
8749
9319
3607
9640
5930
8640
8702
7953
8598
9673
8594
8729
8693
8605
8296
9634
0664
7069
8652
3906
6807
8794
5917
7597
0144
8273
7051
8714
6694
8935
9372
9152
0981
8445
9153
5079
7308
6774
7048
8148
7947
7329
9616
9067
5096
9242
9847
9356
8943
0049
7163
8697
6538
8035
6826
7907
4594
8942
8461
0432
5073
8857
9387
8076
7615
9745
8305
9139
8268
9962
6917
4061
7692
9309
6935
0073
9424
0056
3749
3767
7936
6709
8039
0269
8682
8599
6760
6729
5952
9793
9817
9458
6348
9657
6827
7389
7186
7671
8643
9483
8071
9062
9480
7042
8297
8194
6946
8036
9805
9489
5944
3706
9883
8948
7261
6744
0377
6037
0599
6436
0252
9347
7081
4092
3709
3974
0075
9756
5746
3864
0700
6074
8650
8660
3702
7902
8241
9828
7390
8449
9695
6476
9775
9368
7058
9163
9757
3074
8508
7045
9579
8534
8537
6638
9365
7434
6962
9469
0442
8538
8735
0043
9238
8165
9655
4947
5734
8027
0081
9660
7954
9176
9272
6865
4935
8435
7208
8949
4961
9715
3834
7066
9557
4374
8540
9681
0256
9533
0035
0037
9608
8727
7082
6068
9126
6906
7627
9451
6835
7540
9244
8195
6726
0058
4074
6947
9043
5793
6761
6804
7038
9071
5497
6850
6406
9140
8173
5078
7629
9761
9703
7674
8781
7917
8570
6138
9459
6596
4063
6335
9659
8046
7939
8041
6038
9831
6849
8371
4395
5738
0277
8249
7349
7052
8032
8038
9783
6816
9709
7846
9957
9402
5817
7971
9081
9065
9324
6759
7972
9926
6492
9243
0288
0052
9479
6718
6058
6079
5940
9723
9930
6407
6495
8667
8557
9843
0155
7957
9388
0051
6437
4907
3096
0133
7459
9772
6056
8053
5794
0178
8407
8162
5092
8074
0971
6053
8962
9161
9249
4838
4698
9943
9493
9539
0089
8239
6346
4618
8608
7087
9434
9052
8398
7039
8672
8437
9044
0279
6961
5843
9379
7339
0582
9241
6796
9364
6057
8506
0140
0977
8048
9572
9972
8737
8381
9549
0580
8636
8467
4349
3097
7618
8617
9735
6763
7639
8370
8628
6586
9593
6507
4083
9378
4943
6706
0458
8671
6927
6937
9650
0171
7036
9035
9208
9508
4075
6361
9952
6072
8947
0174
3870
8094
6439
9063
4067
9680
6897
6097
5948
7049
9767
8065
7661
7857
6840
6356
9039
0585
8724
3934
8379
8395
6736
0274
8364
4087
9637
6583
7035
7430
6939
9036
8647
0255
9618
7970
6748
8057
8139
8375
9737
5894
9547
8075
8339
8634
9263
3796
0431
9538
9274
6956
0879
7617
9374
7149
0093
7837
7435
0177
9868
8307
0257
9540
9304
9570
9509
8360
6046
8658
4094
4839
0478
7527
6099
4938
6149
9857
9426
0092
0250
9072
9285
6853
9481
9662
7927
6338
0881
8054
7943
0579
7637
0466
0444
0887
0193
0151
0036
6841
9386
7091
8780
9607
8042
7807
8728
8747
7338
9468
7966
9937
9827
6735
9646
8368
8043
8061
6957
0057
4098
0775
9334
9689
0591
9329
9836
0046
8740
5094
8498
9553
0688
8069
8309
7065
9683
8730
4097
5933
0984
9667
9438
0584
9471
0142
9506
7930
7794
9849
8631
9815
9162
9462
9620
7959
7740
9770
6739
9048
0076
6043
6883
8938
6034
6173
6724
9435
7037
8440
9046
8726
9465
0388
7061
0889
7848
8630
0270
8496
9542
8237
0461
0883
6078
7940
9167
9348
9544
9507
0040
0054
0285
0588
9328
7635
8957
8939
8941
0189
5946
0347
6830
9746
8430
9286
8767
9390
9726
7937
8772
5934
8357
0248
8670
7064
6082
9647
9558
0365
9418
7561
6597
6049
4038
3873
9343
6594
0778
8340
7558
0282
9759
9439
0661
6716
0886
7948
0699
0586
0578
9475
0976
7934
8673
9732
9835
9373
6087
0931
0184
8068
8548
4639
8058
6818
6249
7394
0382
8037
9743
8734
9605
0280
0780
0240
5074
8860
7973
0243
9073
9261
6836
0482
9574
9341
9740
0172
0097
8047
0676
6829
0166
4930
0469
9370
0148
0454
8396
0595
7094
0195
5938
9346
9038
9718
7361
7340
9409
8736
9076
0138
8627
9079
7063
0470
9829
9361
0084
0260
0542
7083
9440
0387
8607
7549
8351
6084
9627
0164
9947
6740
0481
9437
0488
0741
7360
0047
9352
0566
6059
7062
8439
0341
4072
8017
0390
9084
8349
7092
8365
9619
9340
7097
7636
9058
6296
6092
9738
0489
0674
9470
9068
0876
0477
0186
0245
8638
8361
4394
9381
9306
0150
6095
0168
9727
0841
9717
0343
9838
7630
9749
8539
8367
8049
6083
0654
9057
0696
8078
0484
0682
6846
7849
6838
8493
8397
9528
0060
0490
0485
9567
9826
7067
9728
9670
9385
0232
6093
0162
0899
0283
9748
7649
0380
0236
9830
9719
9446
9617
6938
0790
0173
0985
9053
9307
8738
7057
0375
0378
9086
0681
8618
9846
9059
0546
0785
0687
0665
9049
9047
9792
0291
9467
0885
0332
9940
9427
0772
9716
0747
0979
6749
8649
0379
0882
0494
0480
0779
4927
0085
0385
0855
9138
0892
0383
0474
0064
6792
0686
8639
0334
0264
0137
7439
0590
0732
0583
9389
0286
0281
0038
9061
0170
0381
0061
7638
0163
0771
7046
9734
9359
0875
7084
0776
0679
7967
0575
0259
0391
0565
0540
0797
0235
0973
0832
0348
0337
0774
0287
0592
0877
7938
6839
0284
0896
0695
0743
7053
0342
0179
0483
0082
0545
6076
0864
0960
0185
0745
0755
0344
9839
0253
0534
6746
0551
9367
0289
0581
0878
8072
0684
0577
0783
0561
0995
0998
0781
9349
0936
0068
0386
0452
0969
0233
0086
0161
9649
0198
0541
0893
0356
0065
0457
0290
0697
0476
0866
0363
0895
0254
0558
0183
0773
0692
0992
0384
0733
0640
0394
0564
0641
0753
0856
0597
0569
0572
9074
0393
0146
0975
0689
0870
0475
9794
0735
0241
0455
0275
0396
0479
0945
0954
0574
0853
0298
0536
0833
8438
0941
0844
0533
0677
0560
0932
0567
0769
0373
0350
0850
0974
0468
0067
0062
0441
0942
0799
0645
0462
0473
0338
0871
0136
0087
0492
0197
0268
0165
0370
0784
0795
0366
0951
0643
0251
0371
0884
0685
0063
9037
0958
0935
0360
0336
0544
0460
0293
0552
0376
0498
0265
0352
0543
0593
0276
0547
0570
0798
0782
0671
0933
0096
0748
0944
8073
0646
0874
0955
0367
0196
0450
0997
0194
0278
0237
0869
0568
0993
0966
0263
0754
0496
0589
0562
0650
0459
0467
0662
0854
0694
0751
0996
0472
0249
0239
0750
0299
0491
0632
0471
0346
0389
0658
0392
0273
0364
0953
0737
0631
0271
9739
0957
0656
0659
0576
0372
0680
0983
0397
0399
0675
6094
0842
0266
0238
0095
0872
0464
0556
0972
0670
0653
0663
0449
0292
0673
0865
0448
0668
0857
0698
0843
0294
0765
0368
0361
0445
0644
0655
0792
0059
0994
0760
0465
0538
0557
0499
0752
0355
0262
0683
0873
0297
0434
0261
0553
0965
0272
0759
0834
0860
0642
0793
0295
0598
0968
0863
0094
0652
0943
0493
0693
0634
0296
0596
0495
0858
0349
0359
0757
0335
0362
0395
0353
0443
0398
0573
0554
0437
0340
0559
0647
0672
0961
0651
0549
0374
0862
0548
0758
0868
0796
0848
0845
0667
0539
0354
0766
0836
0446
0633
0433
0970
0764
0767
0267
0638
0453
0436
0952
0447
0740
0463
0946
0594
0794
0537
0950
0937
0867
0636
0964
0768
0563
0497
0439
0838
0762
0657
0956
0744
0139
0648
0940
0635
0761
0962
0435
0859
0959
0846
0947
0339
0840
0736
0438
0861
0734
0756
0948
0934
0835
0894
0749
0746
0949
0763
0939
0637
0849
0847
0938
0649
0967
0739
0742
0639
0738
0837
0839











