123
111
100
666
000
200
777
110
010
198
120
222
555
121
101
321
220
210
130
199
250
150
140
007
230
240
190
170
180
456
159
333
160
789
260
270
280
020
197
300
999
050
030
147
090
290
060
040
112
070
080
131
987
310
201
888
221
231
102
196
211
141
151
911
191
171
420
122
143
181
241
251
890
021
444
161
135
012
311
301
261
345
281
271
061
258
124
654
091
011
234
786
291
051
132
081
195
031
041
212
071
125
369
741
001
891
963
852
202
892
246
098
223
213
232
145
809
567
619
228
520
113
142
909
252
128
194
103
951
696
134
242
753
224
357
312
225
895
323
192
119
314
117
313
453
133
412
109
114
187
303
129
153
214
512
115
108
092
500
432
127
419
157
966
454
104
105
152
505
806
172
515
235
411
700
126
233
415
360
521
193
896
711
107
182
062
272
256
808
900
421
203
325
106
245
678
014
556
510
118
154
332
400
410
404
255
226
227
525
032
511
156
324
486
543
707
206
204
052
216
523
002
254
217
316
262
445
912
610
331
215
322
236
022
425
423
009
248
162
320
205
305
055
545
910
136
335
155
546
077
116
243
606
137
144
805
501
042
422
426
315
401
158
611
343
247
815
326
424
148
414
253
452
626
876
565
450
712
787
455
481
989
812
612
139
513
334
880
330
229
811
554
306
238
072
800
082
600
810
552
458
304
219
302
208
522
209
308
920
785
365
472
138
178
282
405
770
747
207
318
526
257
244
416
468
218
710
008
166
905
903
336
237
003
013
564
717
351
465
168
919
167
307
266
451
821
317
406
701
327
765
163
188
921
969
906
413
524
778
164
341
146
328
918
998
066
908
913
922
528
386
506
624
820
309
531
771
346
239
656
442
054
550
017
263
901
623
189
023
990
731
714
713
265
616
916
561
464
402
403
342
268
514
602
259
016
183
353
801
625
682
722
085
721
264
898
558
727
609
622
902
329
775
621
503
504
356
347
174
923
286
517
551
149
363
518
750
607
352
354
725
705
319
457
527
991
471
818
530
408
165
362
407
249
585
927
613
427
508
440
344
297
179
601
417
720
461
604
904
907
870
460
185
516
015
428
723
535
974
355
275
169
831
980
184
728
175
881
915
340
079
502
562
447
025
507
889
614
288
553
928
177
443
292
929
630
724
006
665
069
350
950
418
645
655
830
802
429
541
780
053
173
589
186
926
703
478
914
718
544
099
996
441
661
995
277
825
568
960
276
571
646
409
348
757
431
971
925
620
337
937
615
631
373
715
285
278
917
617
751
430
985
997
267
828
924
702
669
387
509
667
930
557
361
366
519
284
283
005
708
603
299
822
840
850
566
841
690
004
737
981
563
269
534
982
867
608
532
709
371
791
652
575
988
446
676
449
586
063
569
719
842
485
726
582
860
547
078
339
358
273
364
940
699
338
067
627
979
289
735
931
540
349
560
824
381
813
542
804
372
729
772
274
660
056
489
548
379
774
484
474
529
794
691
788
781
978
462
019
459
605
668
961
559
448
675
992
469
393
477
706
784
651
975
636
434
377
730
819
827
375
024
382
671
773
798
748
618
298
433
662
759
826
591
533
279
732
972
492
704
803
435
385
064
790
176
882
588
733
899
742
986
368
878
885
817
641
287
755
370
650
587
657
491
897
628
632
856
664
883
756
093
572
643
760
851
758
767
823
570
976
954
383
766
294
629
359
993
716
932
635
033
495
536
633
663
642
581
776
956
745
879
577
374
779
686
970
681
466
670
816
068
584
893
984
598
499
658
887
965
807
576
389
380
679
752
973
482
089
875
579
095
653
761
762
476
858
814
065
057
479
436
871
538
537
580
698
861
952
740
983
475
392
595
764
648
367
388
854
848
689
073
886
378
396
293
494
549
097
391
935
962
376
697
994
695
470
959
874
797
884
939
574
590
399
493
868
746
390
044
597
964
941
739
295
463
845
578
599
743
398
945
782
783
394
592
754
480
639
659
488
034
384
688
437
296
953
862
395
027
933
593
846
490
596
677
955
083
693
680
483
467
694
957
583
018
838
877
936
640
944
059
942
687
088
573
795
768
864
487
692
075
634
744
792
439
029
397
934
045
829
949
859
035
036
684
685
968
793
028
943
647
855
958
843
638
673
799
977
844
026
833
947
832
853
865
967
872
736
769
473
946
835
796
866
672
649
749
637
076
048
498
043
087
096
683
497
049
834
058
438
869
086
857
938
734
084
594
037
644
047
738
849
863
038
046
496
836
894
948
873
539
074
674
763
839
039
094
847
837
